1538.243253 -1.542522 -567.000000
1416.179141 -0.160221 494.000000
1367.343748 -1.558230 -618.000000
1289.945292 -1.416858 -64.000000
1263.981709 -1.423141 -70.000000
1178.905494 0.157080 163.000000
1162.805917 -1.416858 -61.500000
1155.457621 -1.476549 -320.500000
1109.762503 -1.558230 -621.500000
1052.034664 -1.416858 -58.000000
1007.440918 0.163363 133.000000
995.423665 -1.416858 -53.500000
971.460478 -1.460841 -234.000000
970.822286 -0.018850 321.000000
902.191179 -1.489115 -368.500000
897.170138 1.542522 793.500000
894.916863 0.144513 167.500000
879.396422 1.533097 829.000000
874.609295 0.153938 166.000000
864.986925 1.533097 836.000000
835.509958 -1.533097 -527.000000
831.487757 -1.435708 -188.000000
820.981039 -1.526814 -500.500000
818.411924 0.037699 303.000000
795.003804 1.545664 758.000000
792.384560 0.094248 225.500000
791.072492 0.062832 251.000000
769.126824 -1.523672 -490.500000
747.993172 -1.435708 -180.000000
747.731523 -1.498540 -381.500000
744.982908 -1.429425 -99.500000
739.173471 0.147655 171.500000
733.054495 -1.526814 -512.000000
718.667210 0.160221 138.500000
717.048045 -1.542522 -566.500000
698.902055 1.548805 764.000000
693.836572 -1.495398 -319.000000
688.490081 -1.435708 -140.500000
686.531672 -1.526814 -498.000000
681.967048 -1.523672 -517.000000
679.385910 -1.514248 -522.500000
667.007380 1.548805 776.500000
666.174781 -1.520531 -487.000000
660.680776 -1.476549 -326.000000
656.996222 -1.467124 -250.000000
655.744067 0.097389 163.500000
644.297156 0.000000 328.000000
643.860080 -1.438849 -185.500000
643.648769 -1.504823 -406.000000
624.330691 1.539380 756.000000
616.156305 0.157080 163.500000
615.845356 0.047124 273.500000
604.859578 0.062832 255.000000
596.102618 -1.385442 -54.500000
590.617597 -1.413717 -90.000000
589.602813 0.018850 299.000000
578.905782 -1.485973 -308.000000
563.551611 -1.435708 -147.000000
563.191769 -1.473407 -315.000000
551.799865 0.097389 224.000000
544.764951 -1.420000 -62.000000
536.899287 -1.445133 -192.000000
534.085856 -0.103673 431.000000
533.271822 0.153938 157.500000
530.691068 0.040841 279.000000
530.436356 -0.043982 364.000000
529.934691 -0.141372 521.500000
528.879577 -0.832522 -281.500000
528.527265 1.558230 565.000000
528.417627 -0.043982 368.500000
524.511582 0.119381 198.500000
524.364865 -0.163363 493.000000
523.585667 -0.021991 321.500000
515.272511 -0.653451 -163.500000
508.855633 0.116239 206.000000
508.278771 0.138230 173.500000
506.469707 -0.128805 445.500000
498.849785 -1.479690 -304.000000
498.645412 -0.147655 449.000000
497.308684 -0.113097 434.000000
489.916169 0.153938 167.000000
488.495292 -1.445133 -197.500000
483.833256 -0.021991 343.000000
481.836124 -1.441991 -158.000000
474.899437 -1.492257 -409.500000
472.725627 0.141372 181.000000
472.483754 -0.028274 348.000000
471.267258 -1.454557 -236.500000
465.896124 -0.816814 -263.000000
464.093186 -1.438849 -179.000000
462.272091 -1.391726 -43.500000
461.524672 1.533097 829.500000
460.258665 -1.498540 -317.000000
453.741934 -1.479690 -364.500000
453.695875 -1.394867 -55.500000
452.584320 0.119381 184.500000
451.008993 -0.122522 454.500000
445.281667 0.166504 108.500000
438.101876 -1.435708 -222.000000
435.061857 0.040841 301.500000
426.755226 1.463982 898.000000
423.829932 -1.476549 -399.000000
419.164232 1.548805 792.500000
417.533687 -1.507964 -504.500000
413.722805 -0.091106 418.000000
407.585090 -1.385442 -80.500000
407.583049 -1.539380 -543.000000
400.894754 1.536239 836.000000
396.226011 0.747699 929.000000
396.155909 -1.457699 -210.000000
391.338619 -1.498540 -506.000000
386.016794 0.172788 139.000000
384.182882 -1.561372 -559.000000
384.182463 -1.454557 -316.000000
382.860820 -1.445133 -220.000000
376.332899 -1.438849 -769.500000
375.619092 -1.448274 -185.000000
374.460258 -1.451416 -230.500000
373.582211 -1.558230 -617.500000
372.708257 -1.482832 -315.000000
358.908229 -0.059690 398.000000
356.617473 -0.113097 431.000000
355.667707 -0.175929 498.500000
354.100716 -0.135088 476.000000
353.670771 1.555088 721.000000
349.884127 -1.426283 -70.500000
328.784110 0.747699 926.000000
328.569127 0.179071 119.000000
327.562904 -1.420000 -64.500000
321.182310 -1.470265 -360.500000
319.486342 -1.460841 -243.500000
317.294608 -1.567655 -774.000000
313.950150 -1.467124 -249.500000
311.657552 0.182212 107.000000
311.158727 -1.489115 -344.500000
307.700170 -1.435708 -755.500000
303.088685 -1.561372 -740.500000
302.014619 -0.034558 106.000000
301.152462 -0.018850 321.500000
299.307548 -1.470265 -358.500000
296.769199 0.144513 168.000000
292.349458 0.153938 158.000000
288.877245 -0.028274 344.000000
288.872349 -1.526814 -524.000000
288.071138 1.564513 751.000000
285.757330 -1.420000 -54.000000
281.793026 1.529956 794.000000
281.714988 -0.172788 497.500000
281.506519 0.025133 297.000000
280.398237 1.523672 827.000000
279.941584 -0.072257 449.500000
276.865084 -1.492257 -353.000000
275.801611 0.097389 164.000000
274.292506 -0.059690 400.500000
273.291402 -1.379159 -174.500000
273.178104 -1.401150 -84.000000
273.123486 -1.539380 -564.000000
272.672954 -1.463982 -310.000000
271.337446 -1.523672 -490.000000
271.211111 0.094248 226.000000
268.474101 0.185354 129.000000
266.866357 -1.511106 -514.500000
266.318228 -1.479690 -214.500000
264.756948 -1.564513 -617.500000
258.230651 -0.797965 -245.500000
258.147308 -1.470265 -307.500000
254.157522 -1.454557 -298.500000
252.062980 0.157080 164.000000
251.552541 0.461814 565.500000
249.841701 1.470265 886.500000
247.515887 -0.131947 454.000000
239.002630 -1.398009 -51.000000
238.262145 -0.081681 464.500000
237.697908 0.141372 156.500000
237.566482 0.160221 71.500000
237.383078 -1.476549 -325.500000
237.057667 1.539380 759.500000
236.823738 -1.445133 -197.000000
235.369444 -1.485973 -355.500000
234.741221 -1.476549 -374.000000
232.748157 -1.473407 -319.000000
229.076249 -1.435708 -146.500000
228.774873 -1.385442 -54.000000
227.681048 -1.432566 -178.000000
226.447839 -1.520531 -486.500000
224.684024 -1.520531 -507.500000
222.588872 1.533097 796.000000
222.140784 -1.448274 -189.500000
221.732638 -1.545664 -734.500000
221.361367 0.116239 164.000000
221.242369 -1.523672 -411.000000
219.665409 -1.558230 -624.500000
219.506870 -0.021991 322.000000
218.695059 -0.188496 508.000000
217.406630 -0.050265 104.500000
217.003986 0.926770 728.500000
215.412757 -0.574911 -85.000000
214.654320 0.065973 252.500000
212.973849 -1.463982 -298.500000
211.494284 -1.473407 -216.500000
210.777224 0.951903 728.500000
207.094515 1.539380 836.000000
207.042145 0.166504 175.500000
206.353608 -0.103673 431.500000
204.718568 -0.845088 -292.000000
203.726008 -1.467124 -235.500000
203.329678 -1.536239 -521.500000
202.200596 1.545664 765.000000
202.108698 -0.113097 434.500000
200.327768 1.555088 723.000000
199.989103 -1.558230 -351.000000
199.630061 -1.548805 -558.000000
195.735426 0.122522 200.000000
194.541148 -0.087965 395.500000
193.697541 -0.172788 488.000000
193.432241 1.529956 836.000000
